0
0
0
0
0
0
0
0
0
0
0
0
0
0
0
0
0
0
0
0
0
0
0
0
0
0
0
0
0
0
0
0
0
0
0
0
0
0
0
0
0
0
0
0
0
0
0
0
0
0
0
0
0
0
0
0
0
0
0
0
0
0
0
0
0
0
0
0
0
0
0
0
0
0
0
0
0
0
0
0
0
0
0
0
0
0
0
0
0
0
0
0
0
0
0
0
0
0
0
0
0
0
0
0
0
0
0
0
0
0
0
0
0
0
0
0
0
0
0
0
0
0
0
0
0
0
0
0
0
0
0
0
0
0
0
0
0
0
0
0
0
0
0
0
0
0
0
0
0
0
0
0
0
0
0
0
0
0
0
0
0
0
0
0
0
0
0
0
0
0
0
0
0
0
0
0
0
0
0
0
0
0
0
0
0
0
0
0
0
0
0
0
0
0
0
0
0
0
0
0
0
0
0
0
0
0
0
0
0
0
0
0
0
0
0
0
0
0
0
0
0
0
0
0
0
0
0
0
0
0
0
0
0
0
0
0
0
0
0
0
0
0
0
0
0
0
0
0
0
0
0
0
0
0
0
0
0
0
0
0
0
0
0
0
0
0
0
0
0
0
0
0
0
0
0
0
0
0
0
0
0
0
0
0
0
0
0
0
0
0
0
0
0
0
0
0
0
0
0
0
0
0
0
0
0
0
0
0
0
0
0
0
0
0
0
0
0
0
0
0
0
0
0
0
0
0
0
0
0
0
0
0
0
0
0
0
0
0
0
0
0
0
0
0
0
0
0
0
0
0
0
0
0
0
0
0
0
0
0
0
0
0
0
0
0
0
0
0
0
0
0
0
0
0
0
0
0
0
0
0
0
0
0
0
0
-3.65608577922522e-322
-3.51286929064203e-316
-2.55902973671036e-310
-1.64265774144924e-304
-9.291285380731e-299
-4.6308420662972e-293
-2.03375223804384e-287
-7.87024812989821e-282
-2.68367220344056e-276
-8.0634236658851e-271
-2.13479763113413e-265
-4.98011496378112e-260
-1.0236832383554e-254
-1.85410135191547e-249
-2.95897318386284e-244
-4.16088996813972e-239
-5.15545467989571e-234
-5.62834983714848e-229
-5.41410056376822e-224
-4.5888129808205e-219
-3.42689506446543e-214
-2.25488907442052e-209
-1.30728693769524e-204
-6.67783015785845e-200
-3.00549337576729e-195
-1.19181622023883e-190
-4.16402154271888e-186
-1.28181025885964e-181
-3.47646966595907e-177
-8.30718300466833e-173
-1.74890542565834e-168
-3.24393792062432e-164
-5.30113319063918e-160
-7.63222267654263e-156
-9.6808946462575e-152
-1.08182732186774e-147
-1.0650599699452e-143
-9.23760391833479e-140
-7.05844559754485e-136
-4.75136468386875e-132
-2.81761792908378e-128
-1.47195637720801e-124
-6.77409516815216e-121
-2.74628323369949e-117
-9.8077847113819e-114
-3.0854725730491e-110
-8.55048830594402e-107
-2.0872360719435e-103
-4.4880353692035e-100
-8.50035884514271e-97
-1.41809846344784e-93
-2.08379538589623e-90
-2.69695861795595e-87
-3.07435840472098e-84
-3.0866377485285e-81
-2.72933706856575e-78
-2.125483842807e-75
-1.45772530351277e-72
-8.80436921324079e-70
-4.68287025726339e-67
-2.19332584942245e-64
-9.04599349731542e-62
-3.28515165233084e-59
-1.05046963779891e-56
-2.95748296065858e-54
-7.33081285948843e-52
-1.59975042566034e-49
-3.07326577667541e-47
-5.19722695025144e-45
-7.73643659358713e-43
-1.01363126844156e-40
-1.16884931005179e-38
-1.18616142775027e-36
-1.05925439049445e-34
-8.32317995745627e-33
-5.75398419489056e-31
-3.49938965097649e-29
-1.87201635812181e-27
-8.80775173857821e-26
-3.64415819982062e-24
-1.32567839521518e-22
-4.23947854043278e-21
-1.19161450935845e-19
-2.94315966981009e-18
-6.38616766378706e-17
-1.21701250943345e-15
-2.03629746085618e-14
-2.99035172903675e-13
-3.85263413239513e-12
-4.35249444141358e-11
-4.30941622536104e-10
-3.73687652011258e-09
-2.83572019191564e-08
-1.88132900762022e-07
-1.08993802829327e-06
-5.50604021704304e-06
-2.42088376223814e-05
-9.24203201940173e-05
-0.000305383238660192
-0.000869621102924804
-0.00212109172678189
-0.00439099638087408
-0.00760326122392058
-0.0107314754863769
-0.0116986021181049
-0.00842848966139572
-0.000849972618106394
0.00790317763906282
0.0130738867564576
0.0121067601048934
0.00707794898626699
0.00269104927624339
0.00159576552599815
0.00224481167675341
0.00168012290992506
-0.000435644722096672
-0.00168784081737105
-0.000566016141913225
0.0012236829609035
0.000940662243479818
-0.00158582931290099
-0.00389543782131468
-0.00432692802460048
-0.00399035899293412
-0.00447347144590652
-0.00473680383246973
-0.00211282712635807
0.0034724869582692
0.00806491964843266
0.00786347536388159
0.0040742095194293
0.00184108786874619
0.00407427933463331
0.00786394558154228
0.0080676444185844
0.00348625141165179
-0.0020523106376678
-0.00450579556779061
-0.00371029554860735
-0.00181794114266463
0.000967542232027461
0.00704573987441657
0.0172836932663104
0.0273112760975791
0.0291657565582536
0.0173235699904611
-0.00614940758030186
-0.0315985090129711
-0.0471019953454186
-0.045571081720252
-0.0287473476659037
-0.00533574336074251
0.014850868548916
0.0258000931490381
0.0261636080617713
0.0174856434572789
0.00300431279504751
-0.0122646528033489
-0.0222594993539189
-0.0226529328219251
-0.0136754110713471
-1.12928034191621e-05
0.0123243059550437
0.019171339108345
0.0190886873339774
0.0125523972990472
0.00151461005761514
-0.0103634783291219
-0.0184199146656429
-0.019433919790287
-0.0140052294000792
-0.00630205889147187
-0.000957362193624961
0.00032264839228164
-0.000326482462936237
0.000940760295087005
0.00622943237861491
0.0137280522175341
0.0185183343328025
0.0158143210505832
0.00401672019117804
-0.0146149820295921
-0.0350849909027868
-0.0503674344036006
-0.0516610069336688
-0.0312602642130166
0.0105738476029607
0.0599637193953161
0.0933058436492765
0.0915031681291194
0.0534894980587668
-0.00332242854461611
-0.0552774307330357
-0.0850216352898101
-0.0850231682910842
-0.0552867420620731
-0.00336357086329581
0.0533324324532921
0.090984336510607
0.0918293405318698
0.0563672223065609
0.00315029644784209
-0.0440287873271292
-0.0693859845806459
-0.0687802987812677
-0.0458257359022345
-0.00867511846526995
0.0300727727815272
0.0552762930292283
0.0561212974353119
0.0331075668120173
-0.00216121490682485
-0.0345675061053445
-0.0531412902190631
-0.0531340760954209
-0.0345236880863545
-0.00196760399554431
0.0338466990708231
0.0585628579640094
0.0622245426657784
0.0469974617191769
0.02625921177543
0.0142612181827913
0.0146299442328504
0.0172545826968219
0.00647444102398401
-0.0249842528483467
-0.0669451528935788
-0.0961719965674273
-0.092510311984675
-0.0537943915371491
0.00324255171212016
0.0552592622224248
0.085018038637949
0.0850225474652254
0.0552866484842935
0.00336355853167049
-0.0533324338753955
-0.0909843366542391
-0.0918293405445835
-0.0563672223075477
-0.00315029644790929
0.0440287873271252
0.0693859845806457
0.0687802987812678
0.045825735902237
0.00867511846531068
-0.0300727727809291
-0.0552762930215231
-0.0561212973482622
-0.0331075659501364
0.00216122238053716
0.0345675628191503
0.0531416664771594
0.0531362558844277
0.0345346993049077
0.00201601419707676
-0.0336619151442408
-0.0579524677447852
-0.0604874802489356
-0.0427662894841664
-0.0175256292152143
0.000760520338467588
0.00622261652067921
0.00440555912254506
0.00615136606379389
0.0179506155242929
0.0361170590934467
0.0491716622913509
0.0466366498467089
0.0270126853994832
-0.00159102228274441
-0.0276227703672937
-0.0425077980476313
-0.04251185599218
-0.0276474180029744
-0.00169992842031935
0.0265969235042039
0.0452632720531692
0.0452632719143164
0.0265969219969591
-0.00169994149924463
-0.0276475172521303
-0.0425125144438483
-0.0425116126783931
-0.0276420399997596
-0.00167574013538547
0.0266893135285623
0.045568466970772
0.0461318031489258
0.0287125085440591
0.00266685351762774
-0.0201366196346034
-0.0320860459380356
-0.0316804518742065
-0.0213236308465979
-0.00516835369671234
0.0113676585908155
0.0223734949298248
0.0240635031469083
0.0174372401921751
0.00785939736764095
0.00119240339365718
-0.000405256685518354
0.000401422614863723
-0.00120900529219574
-0.0079320238805081
-0.0177144173748697
-0.0249790886063191
-0.0249790885666469
-0.0177144169442283
-0.0079320201436723
-0.00120897693529408
0.00040161074391179
-0.000404166791014945
0.00119790900293382
0.00788360246840718
0.0175296321554662
0.0243686982565203
0.0232420261382462
0.0134832447083207
-0.00080156241660449
-0.0138127615859685
-0.0212541714974416
-0.021255975028352
-0.0138237160907129
-0.000849965144373716
0.0132984616443669
0.0226316360157034
0.022631635956195
0.0132984609984048
-0.000849970749627408
-0.0138237586260654
-0.0212562572219241
-0.0212558063391966
-0.013821019999881
-0.0008378700677131
0.0133446567639821
0.0227842334815334
0.023065901530938
0.0143562538410892
0.00133342302195771
-0.0100683381742046
-0.0160432110980659
-0.0158413158316065
-0.0106673210325738
-0.00260838194909185
0.00559143733256516
0.0108815523610793
0.0111632204303201
0.0066030346249929
-0.00043708699100314
-0.00691462502844653
-0.0106286265259518
-0.0106277247604965
-0.00690914777607278
-0.000412885627093072
0.00669542615734363
0.0114684154964073
0.011750083565648
0.00770702344977138
0.00175840933099564
-0.00315645177194554
-0.00541503545484179
-0.00521314018838241
-0.00375543463031472
-0.00218339564005393
-0.00105779305875263
-0.000434265604210696
-0.000152597554806031
-4.61959816455666e-05
-1.21025503831121e-05
-2.75280463831876e-06
-5.44947251706361e-07
-9.40645240654164e-08
-1.41784514420513e-08
-1.8684280785711e-09
-2.15470202761863e-10
-2.17624402762314e-11
-1.92631559461777e-12
-1.49517526871113e-13
-1.01814851845416e-14
-6.08506188432808e-16
-3.19308364968562e-17
-1.47157979086628e-18
-5.95807245319143e-20
-2.11973925271944e-21
-6.62839194730595e-23
-1.82207909574872e-24
-4.40387586399283e-26
-9.36008178467825e-28
-1.74969482490382e-29
-2.87699209693847e-31
-4.16158997834131e-33
-5.29627195221237e-35
-5.93080713859766e-37
-5.84424655017896e-39
-5.06815634217115e-41
-3.86821829677878e-43
-2.59861347512047e-45
-1.53663288833606e-47
-7.99875212829717e-50
-3.66540642974312e-52
-1.47874148032905e-54
-5.25234818899412e-57
-1.64257582616535e-59
-4.5229967486576e-62
-1.09666292471121e-64
-2.34143512863168e-67
-4.40218460662038e-70
-7.28862651756385e-73
-1.0627419214035e-75
-1.36466853428287e-78
-1.54331887426425e-81
-1.53717920236049e-84
-1.34847930897797e-87
-1.04189769294812e-90
-7.09049231723922e-94
-4.25017942257136e-97
-2.24401768460175e-100
-1.04361803597175e-103
-4.27524415297201e-107
-1.54273628652455e-110
-4.90389235569095e-114
-1.37314161684974e-117
-3.38704758407608e-121
-7.35978188604004e-125
-1.40880896454189e-128
-2.37568234193437e-132
-3.52922279877242e-136
-4.6188019591674e-140
-5.32529984972602e-144
-5.40913660933868e-148
-4.84044732312875e-152
-3.81611133827132e-156
-2.65056659531959e-160
-1.62196896031216e-164
-8.74452712829169e-169
-4.15359150233417e-173
-1.73823483297953e-177
-6.4090512942982e-182
-2.08201077135944e-186
-5.95908110119417e-191
-1.50274668788364e-195
-3.33891507892922e-200
-6.5364346884762e-205
-1.12744453721026e-209
-1.71344753223271e-214
-2.29440649041025e-219
-2.70705028188411e-224
-2.81417491857424e-229
-2.57772733994786e-234
-2.08044498406986e-239
-1.47948659193142e-244
-9.27050675957733e-250
-5.118416191777e-255
-2.49005748189056e-260
-1.06739881556706e-265
-4.03171183294255e-271
-1.34183610172028e-276
-3.9351240649491e-282
-1.01687611902192e-287
-2.3154210331486e-293
-4.6456426903655e-299
-8.21328870724618e-305
-1.2795148683552e-310
-1.75643469472758e-316
-1.82804288961261e-322
0
0
0
0
0
0
0
0
0
0
0
0
0
0
0
0
0
0
0
0
0
0
0
0
0
0
0
0
0
0
0
0
0
0
0
0
0
0
0
0
0
0
0
0
0
0
0
0
0
0
0
0
0
0
0
0
0
0
0
0
0
0
0
0
0
0
0
0
0
0
0
0
0
0
0
0
0
0
0
0
0
0
0
0
0
0
0
0
0
0
0
0
0
0
0
0
0
0
0
0
0
0
0
0
0
0
0
0
0
0
0
0
0
0
0
0
0
0
0
0
0
0
0
0
0
0
0
0
0
0
0
0
0
0
0
0
0
0
0
0
0
0
0
0
0
0
0
0
0
0
0
0
0
0
0
0
0
0
0
0
0
0
0
0
0
0
0
0
0
0
0
0
0
0
0
0
0
0
0
0
0
0
0
0
0
0
0
0
0
0
0
0
0
0
0
0
0
0
0
0
0
0
0
0
0
0
0
0
0
0
0
0
0
0
0
0
0
0
0
0
0
0
0
0
0
0
0
0
0
0
0
0
0
0
0
0
0
0
0
0
0
0
0
0
0
0
0
0
0
0
0
0
0
0
0
0
0
0
0
0
0
0
0
0
0
0
0
0
0
0
0
0
0
0
0
0
0
0
0
0
0
0
0
0
0
0
0
0
0
0
0
0
0
0
0
0
0
0
0
0
0
0
0
0
0
0
0
0
0
0
0
0
0
0
0
0
0
0
0
0
0
0
0
0
0
0
0
0
0
0
0
0
0
0
0
0
0
0
0
0
0
0
0
0
0
0
0
0
0
0
0
0
0
0
0
0
0
0
0
0
0
0
0
0
0
0
0
0
0
0
0
0
0
0
0
0
0
0
0
0
0
0
0
0
0
0
0
0
0
0
0
0
0
0
0
0
0
0
0
0
0
0
0
0
0
0
0
0
0
0
0
0
0
0
0
0
0
0
0
0
0
0
0
0
0
0
0
0
0
0
0
0
0
0
0
0
0
0
0
0
0
0
0
0
0
0
0
0
0
0
0
0
0
0
0
0
0
0
0
0
0
0
0
0
0
0
0
0
0
0
0
0
0
0
0
0
0
0
0
0
0
0
0
0
0
0
0
0
0
0
0
0
0
0
0
0
0
0
0
0
0
0
0
0
0
0
0
0
0
0
0
0
0
0
0
0
0
0
0
0
0
0
0
0
0
0
0
0
0
0
0
0
0
0
0
0
0
0
0
0
0
0
0
0
0
0
0
0
0
0
0
0
0
0
0
0
0
0
0
0
0
0
0
0
0
0
0
0
0
0
0
0
0
0
0
0
0
0
0
0
0
0
0
0
0
0
0
0
0
0
0
0
0
0
0
0
0
0
0
0
0
0
0
0
0
0
0
0
0
0
0
0
0
0
0
0
0
0
0
0
0
0
0
0
0
0
0
0
0
0
0
0
0
0
0
0
0
0
0
0
0
0
0
0
0
0
0
0
0
0
0
0
0
0
0
0
0
0
0
0
0
0
0
0
0
0
0
0
0
0
0
0
0
0
0
0
0
0
0
0
0
0
0
0
0
0
0
0
0
0
0
0
0
0
0
0
0
0
0
0
0
0
0
0
0
0
0
0
0
0
0
0
0
0
0
0
0
0
0
0
0
0
0
0
0
0
0
0
0
0
0
0
0
0
0
0
0
0
0
0
0
0
0
0
0
0
0
0
0
0
0
0
0
0
0
0
0
0
0
0
0
0
0
0
0
0
0
0
0
0
0
0
0
0
0
0
0
0
0
0
0
0
0
0
0
0
0
0
0
0
0
0
0
0
0
0
0
0
0
0
0
0
0
