   3.7309339e-04
   1.4350528e-03
   3.9650809e-04
  -1.1891161e-03
  -1.0135603e-03
   6.3267625e-04
   1.3287776e-03
   7.3018682e-05
  -1.2773124e-03
  -7.4312518e-04
   8.8341747e-04
   1.2091377e-03
  -2.4954146e-04
  -1.3516005e-03
  -4.6538857e-04
   1.1245785e-03
   1.0765310e-03
  -5.7020033e-04
  -1.4118042e-03
  -1.8121696e-04
   1.3554723e-03
   9.3141731e-04
  -8.8800094e-04
  -1.4578180e-03
   1.0849658e-04
   1.5754667e-03
   7.7431507e-04
  -1.2020064e-03
  -1.4896068e-03
   4.0283767e-04
   1.7839873e-03
   6.0579794e-04
  -1.5113048e-03
  -1.5072049e-03
   7.0087589e-04
   1.9805194e-03
   4.2649078e-04
  -1.8150138e-03
  -1.5107154e-03
   1.0016700e-03
   2.1646101e-03
   2.3706568e-04
  -2.1122850e-03
  -1.5003081e-03
   1.3042730e-03
   2.3358701e-03
   3.8237679e-05
  -2.4023077e-03
  -1.4762180e-03
   1.6077376e-03
   2.4939748e-03
  -1.6923956e-04
  -2.6843131e-03
  -1.4387433e-03
   1.9111204e-03
   2.6386646e-03
  -3.8457823e-04
  -2.9575774e-03
  -1.3882424e-03
   2.2134878e-03
   2.7697459e-03
  -6.0696095e-04
  -3.2214246e-03
  -1.3251318e-03
   2.5139194e-03
   2.8870909e-03
  -8.3554529e-04
  -3.4752298e-03
  -1.2498829e-03
   2.8115136e-03
   2.9906372e-03
  -1.0694685e-03
  -3.7184212e-03
  -1.1630187e-03
   3.1053911e-03
   3.0803874e-03
  -1.3078518e-03
  -3.9504824e-03
  -1.0651107e-03
   3.3946991e-03
   3.1564078e-03
  -1.5498055e-03
  -4.1709541e-03
  -9.5677523e-04
   3.6786153e-03
   3.2188275e-03
  -1.7944330e-03
  -4.3794354e-03
  -8.3866992e-04
   3.9563515e-03
   3.2678369e-03
  -2.0408354e-03
  -4.5755852e-03
  -7.1148995e-04
   4.2271564e-03
   3.3036858e-03
  -2.2881157e-03
  -4.7591228e-03
  -5.7596423e-04
   4.4903195e-03
   3.3266814e-03
  -2.5353835e-03
  -4.9298284e-03
  -4.3285147e-04
   4.7451733e-03
   3.3371864e-03
  -2.7817585e-03
  -5.0875438e-03
  -2.8293631e-04
   4.9910961e-03
   3.3356163e-03
  -3.0263750e-03
  -5.2321720e-03
  -1.2702533e-04
   5.2275144e-03
   3.3224369e-03
  -3.2683853e-03
  -5.3636769e-03
   3.4056930e-05
   5.4539051e-03
   3.2981619e-03
  -3.5069637e-03
  -5.4820832e-03
   1.9947192e-04
   5.6697971e-03
   3.2633499e-03
  -3.7413101e-03
  -5.5874752e-03
   3.6837105e-04
   5.8747731e-03
   3.2186011e-03
  -3.9706530e-03
  -5.6799964e-03
   5.3989963e-04
   6.0684710e-03
   3.1645547e-03
  -4.1942533e-03
  -5.7598479e-03
   7.1320073e-04
   6.2505851e-03
   3.1018856e-03
  -4.4114067e-03
  -5.8272871e-03
   8.8741910e-04
   6.4208671e-03
   3.0313009e-03
  -4.6214473e-03
  -5.8826267e-03
   1.0617049e-03
   6.5791266e-03
   2.9535369e-03
  -4.8237499e-03
  -5.9262322e-03
   1.2352177e-03
   6.7252320e-03
   2.8693551e-03
  -5.0177327e-03
  -5.9585206e-03
   1.4071298e-03
   6.8591106e-03
   2.7795395e-03
  -5.2028598e-03
  -5.9799583e-03
   1.5766300e-03
   6.9807489e-03
   2.6848925e-03
  -5.3786433e-03
  -5.9910586e-03
   1.7429277e-03
   7.0901923e-03
   2.5862312e-03
  -5.5446458e-03
  -5.9923796e-03
   1.9052554e-03
   7.1875453e-03
   2.4843842e-03
  -5.7004816e-03
  -5.9845216e-03
   2.0628731e-03
   7.2729705e-03
   2.3801875e-03
  -5.8458194e-03
  -5.9681246e-03
   2.2150712e-03
   7.3466881e-03
   2.2744808e-03
  -5.9803831e-03
  -5.9438650e-03
   2.3611737e-03
   7.4089754e-03
   2.1681040e-03
  -6.1039537e-03
  -5.9124534e-03
   2.5005418e-03
   7.4601654e-03
   2.0618928e-03
  -6.2163702e-03
  -5.8746307e-03
   2.6325766e-03
   7.5006455e-03
   1.9566754e-03
  -6.3175310e-03
  -5.8311655e-03
   2.7567222e-03
   7.5308561e-03
   1.8532682e-03
  -6.4073946e-03
  -5.7828501e-03
   2.8724688e-03
   7.5512893e-03
   1.7524721e-03
  -6.4859799e-03
  -5.7304975e-03
   2.9793554e-03
   7.5624862e-03
   1.6550684e-03
  -6.5533673e-03
  -5.6749373e-03
   3.0769722e-03
   7.5650355e-03
   1.5618150e-03
  -6.6096985e-03
  -5.6170120e-03
   3.1649633e-03
   7.5595707e-03
   1.4734425e-03
  -6.6551764e-03
  -5.5575733e-03
   3.2430293e-03
   7.5467676e-03
   1.3906500e-03
  -6.6900650e-03
  -5.4974772e-03
   3.3109289e-03
   7.5273417e-03
   1.3141016e-03
  -6.7146890e-03
  -5.4375807e-03
   3.3684813e-03
   7.5020446e-03
   1.2444223e-03
  -6.7294326e-03
  -5.3787370e-03
   3.4155678e-03
   7.4716612e-03
   1.1821942e-03
  -6.7347385e-03
  -5.3217908e-03
   3.4521336e-03
   7.4370058e-03
   1.1279531e-03
  -6.7311068e-03
  -5.2675743e-03
   3.4781888e-03
   7.3989186e-03
   1.0821848e-03
  -6.7190930e-03
  -5.2169022e-03
   3.4938094e-03
   7.3582611e-03
   1.0453212e-03
  -6.6993059e-03
  -5.1705670e-03
   3.4991383e-03
   7.3159123e-03
   1.0177379e-03
  -6.6724055e-03
  -5.1293345e-03
   3.4943856e-03
   7.2727642e-03
   9.9975016e-04
  -6.6391003e-03
  -5.0939390e-03
   3.4798286e-03
   7.2297166e-03
   9.9161076e-04
  -6.6001437e-03
  -5.0650783e-03
   3.4558117e-03
   7.1876728e-03
   9.9350680e-04
  -6.5563316e-03
  -5.0434093e-03
   3.4227456e-03
   7.1475340e-03
   1.0055576e-03
  -6.5084976e-03
  -5.0295433e-03
   3.3811067e-03
   7.1101941e-03
   1.0278123e-03
  -6.4575097e-03
  -5.0240414e-03
   3.3314349e-03
   7.0765346e-03
   1.0602486e-03
  -6.4042657e-03
  -5.0274102e-03
   3.2743326e-03
   7.0474187e-03
   1.1027708e-03
  -6.3496881e-03
  -5.0400973e-03
   3.2104620e-03
   7.0236861e-03
   1.1552090e-03
  -6.2947198e-03
  -5.0624877e-03
   3.1405423e-03
   7.0061467e-03
   1.2173185e-03
  -6.2403180e-03
  -5.0948998e-03
   3.0653470e-03
   6.9955757e-03
   1.2887795e-03
  -6.1874489e-03
  -5.1375816e-03
   2.9856999e-03
   6.9927073e-03
   1.3691975e-03
  -6.1370821e-03
  -5.1907080e-03
   2.9024712e-03
   6.9982296e-03
   1.4581040e-03
  -6.0901841e-03
  -5.2543779e-03
   2.8165731e-03
   7.0127788e-03
   1.5549577e-03
  -6.0477124e-03
  -5.3286114e-03
   2.7289549e-03
   7.0369339e-03
   1.6591465e-03
  -6.0106086e-03
  -5.4133481e-03
   2.6405977e-03
   7.0712119e-03
   1.7699895e-03
  -5.9797924e-03
  -5.5084456e-03
   2.5525087e-03
   7.1160623e-03
   1.8867399e-03
  -5.9561547e-03
  -5.6136784e-03
   2.4657152e-03
   7.1718631e-03
   2.0085885e-03
  -5.9405510e-03
  -5.7287373e-03
   2.3812581e-03
   7.2389162e-03
   2.1346678e-03
  -5.9337949e-03
  -5.8532295e-03
   2.3001855e-03
   7.3174437e-03
   2.2640560e-03
  -5.9366516e-03
  -5.9866795e-03
   2.2235452e-03
   7.4075843e-03
   2.3957822e-03
  -5.9498312e-03
  -6.1285300e-03
   2.1523783e-03
   7.5093905e-03
   2.5288320e-03
  -5.9739829e-03
  -6.2781439e-03
   2.0877112e-03
   7.6228259e-03
   2.6621532e-03
  -6.0096889e-03
  -6.4348068e-03
   2.0305485e-03
   7.7477637e-03
   2.7946624e-03
  -6.0574585e-03
  -6.5977302e-03
   1.9818652e-03
   7.8839852e-03
   2.9252519e-03
  -6.1177231e-03
  -6.7660551e-03
   1.9425995e-03
   8.0311789e-03
   3.0527966e-03
  -6.1908313e-03
  -6.9388564e-03
   1.9136448e-03
   8.1889410e-03
   3.1761617e-03
  -6.2770442e-03
  -7.1151481e-03
   1.8958429e-03
   8.3567758e-03
   3.2942108e-03
  -6.3765316e-03
  -7.2938886e-03
   1.8899761e-03
   8.5340968e-03
   3.4058136e-03
  -6.4893687e-03
  -7.4739870e-03
   1.8967609e-03
   8.7202295e-03
   3.5098545e-03
  -6.6155333e-03
  -7.6543099e-03
   1.9168408e-03
   8.9144134e-03
   3.6052406e-03
  -6.7549038e-03
  -7.8336884e-03
   1.9507799e-03
   9.1158064e-03
   3.6909106e-03
  -6.9072576e-03
  -8.0109260e-03
   1.9990577e-03
   9.3234882e-03
   3.7658428e-03
  -7.0722706e-03
  -8.1848064e-03
   2.0620628e-03
   9.5364658e-03
   3.8290638e-03
  -7.2495173e-03
  -8.3541023e-03
   2.1400885e-03
   9.7536790e-03
   3.8796565e-03
  -7.4384715e-03
  -8.5175838e-03
   2.2333287e-03
   9.9740065e-03
   3.9167681e-03
  -7.6385081e-03
  -8.6740277e-03
   2.3418737e-03
   1.0196273e-02
   3.9396177e-03
  -7.8489054e-03
  -8.8222263e-03
   2.4657080e-03
   1.0419258e-02
   3.9475041e-03
  -8.0688487e-03
  -8.9609970e-03
   2.6047077e-03
   1.0641699e-02
   3.9398117e-03
  -8.2974339e-03
  -9.0891913e-03
   2.7586392e-03
   1.0862308e-02
   3.9160180e-03
  -8.5336728e-03
  -9.2057045e-03
   2.9271589e-03
   1.1079774e-02
   3.8756984e-03
  -8.7764982e-03
  -9.3094841e-03
   3.1098132e-03
   1.1292773e-02
   3.8185319e-03
  -9.0247708e-03
  -9.3995391e-03
   3.3060399e-03
   1.1499981e-02
   3.7443051e-03
  -9.2772896e-03
  -9.4749772e-03
   3.5149821e-03
   1.1698991e-02
   3.6474117e-03
  -9.5569901e-03
  -9.6272908e-03
   3.4310484e-03
   1.1022153e-02
   1.4232898e-03
  -1.4180942e-02
  -1.7181809e-02
  -6.7625235e-03
   3.7518759e-04
  -5.0096632e-03
  -1.0897399e-02
  -1.7021391e-03
   1.7285650e-02
   2.4351654e-02
   1.0354449e-02
  -7.6127929e-03
  -8.0188493e-03
   6.7086214e-03
   1.4084023e-02
   2.6821215e-03
  -1.2245629e-02
  -1.0172000e-02
   5.9476326e-03
   1.3490344e-02
   1.3572792e-03
  -1.4703287e-02
  -1.3906007e-02
   1.0006080e-03
   8.2077062e-03
  -1.9836791e-03
  -1.3165437e-02
  -6.0611816e-03
   1.3328496e-02
   2.0660877e-02
   6.6227352e-03
  -9.4495777e-03
  -5.3953621e-03
   1.3404380e-02
   2.0965099e-02
   5.8163834e-03
  -1.3572941e-02
  -1.3892804e-02
   2.1098491e-03
   1.1162586e-02
   3.0664115e-03
  -4.6954123e-03
   7.9977891e-03
   3.3412547e-02
   4.2211668e-02
   1.9179333e-02
  -1.8100326e-02
  -4.0765097e-02
  -4.0719648e-02
  -3.2478073e-02
  -2.7145416e-02
  -1.7484415e-02
   5.8214262e-03
   3.2461978e-02
   3.9284939e-02
   1.8824224e-02
  -9.3289030e-03
  -2.1139628e-02
  -1.5321110e-02
  -9.5224264e-03
  -1.2608418e-02
  -1.2514720e-02
   3.6204920e-03
   2.6381704e-02
   3.2208977e-02
   1.3340919e-02
  -1.1143654e-02
  -1.8880183e-02
  -1.0943585e-02
  -6.3433598e-03
  -1.3500647e-02
  -1.9098835e-02
  -9.2718688e-03
   8.0574768e-03
   1.2714841e-02
   1.1573975e-03
  -6.6886791e-03
   5.6298641e-03
   2.6502773e-02
   2.8787038e-02
   3.9429121e-03
  -2.7636508e-02
  -4.2953811e-02
  -4.2143648e-02
  -3.8775999e-02
  -3.1625485e-02
  -2.5325383e-03
   5.2336152e-02
   1.0175740e-01
   1.0428176e-01
   5.2833450e-02
  -1.6494608e-02
  -6.2653116e-02
  -7.6355141e-02
  -7.2369176e-02
  -5.6231475e-02
  -1.6582090e-02
   4.6217928e-02
   9.9851772e-02
   1.0434120e-01
   5.5137500e-02
  -1.0094845e-02
  -5.0874217e-02
  -6.0332690e-02
  -5.6427340e-02
  -4.7335217e-02
  -2.1927038e-02
   2.3502853e-02
   6.4499379e-02
   6.8299477e-02
   3.1325065e-02
  -1.5400069e-02
  -4.0856994e-02
  -4.3765364e-02
  -4.1145560e-02
  -3.6571007e-02
  -1.5173689e-02
   2.7841017e-02
   6.8073905e-02
   7.4009610e-02
   4.4694945e-02
   1.3105329e-02
   8.5411429e-03
   2.4257739e-02
   2.8823610e-02
   3.9276961e-03
  -3.8066903e-02
  -7.2379411e-02
  -8.6446352e-02
  -8.1168633e-02
  -5.6573116e-02
  -9.7503685e-03
   5.0109440e-02
   9.4822236e-02
   9.6126927e-02
   5.2289389e-02
  -9.5217952e-03
  -5.8200784e-02
  -8.1121151e-02
  -8.0970784e-02
  -5.9568471e-02
  -1.5911029e-02
   3.9437386e-02
   7.9288462e-02
   7.9385992e-02
   4.2436044e-02
  -3.9448348e-03
  -3.4393275e-02
  -4.5354215e-02
  -4.5773977e-02
  -3.6669263e-02
  -1.0302802e-02
   3.0510429e-02
   6.3063794e-02
   6.3221255e-02
   3.0818210e-02
  -1.0278042e-02
  -3.7464637e-02
  -4.8049566e-02
  -5.0667165e-02
  -4.6619707e-02
  -2.9636881e-02
  -2.7981013e-03
   1.6087426e-02
   1.3960425e-02
   2.1794098e-03
   6.0337177e-03
   3.2790948e-02
   5.8980053e-02
   5.5926892e-02
   2.2940972e-02
  -1.3303380e-02
  -3.0729150e-02
  -3.2773488e-02
  -3.3483833e-02
  -3.1799847e-02
  -1.3198985e-02
   2.3696404e-02
   5.4906627e-02
   5.4033031e-02
   2.2382939e-02
  -1.2978415e-02
  -3.0357036e-02
  -3.2976090e-02
  -3.3994649e-02
  -3.1898430e-02
  -1.2727869e-02
   2.4155065e-02
   5.4982993e-02
   5.4402901e-02
   2.4432707e-02
  -8.1547157e-03
  -2.2512085e-02
  -2.2807279e-02
  -2.3646891e-02
  -2.5608134e-02
  -1.5756715e-02
   9.1338631e-03
   3.1503836e-02
   3.1869183e-02
   1.3166325e-02
  -2.4946777e-03
  -9.1733617e-04
   8.5652677e-03
   7.9901205e-03
  -5.4485882e-03
  -1.8052295e-02
  -1.9718081e-02
  -1.6178426e-02
  -1.7595321e-02
  -2.1905595e-02
  -1.7820511e-02
  -3.1247758e-03
   9.0237699e-03
   6.7877719e-03
  -2.9285771e-03
  -1.7766402e-03
   1.5683392e-02
   3.2805162e-02
   3.0256180e-02
   9.4368390e-03
  -1.0238553e-02
  -1.5607709e-02
  -1.3009111e-02
  -1.4404737e-02
  -1.7775652e-02
  -1.0070108e-02
   1.1536716e-02
   3.0681095e-02
   2.9335534e-02
   9.4542913e-03
  -9.8610112e-03
  -1.5570085e-02
  -1.3405082e-02
  -1.4683095e-02
  -1.7545303e-02
  -9.6488180e-03
   1.1596404e-02
   3.0435959e-02
   2.9524029e-02
   1.0762727e-02
  -7.2876194e-03
  -1.1835305e-02
  -8.5906004e-03
  -9.4808517e-03
  -1.4120534e-02
  -1.1050788e-02
   3.7896490e-03
   1.8136858e-02
   1.7443125e-02
   3.2983300e-03
  -8.7131039e-03
  -8.7665543e-03
  -3.5673793e-03
  -4.4112261e-03
  -1.0058554e-02
  -8.5356286e-03
   4.7789304e-03
   1.8340236e-02
   1.7920247e-02
   4.7182768e-03
  -6.2249265e-03
  -5.1509514e-03
   1.2733162e-03
   9.2754690e-04
  -6.5796074e-03
  -1.0041821e-02
  -3.1426595e-03
   6.0778286e-03
   5.9751306e-03
  -2.7033286e-03
  -7.7606190e-03
  -2.1891993e-03
   6.3436767e-03
   6.1307301e-03
  -2.4890797e-03
  -7.6539878e-03
  -2.2980247e-03
   6.1858174e-03
   6.1493949e-03
  -2.3213893e-03
  -7.5750812e-03
  -2.4183313e-03
   6.0378671e-03
   6.1827493e-03
  -2.1554887e-03
  -7.5119199e-03
  -2.5460554e-03
   5.9012516e-03
   6.2300931e-03
  -1.9927041e-03
  -7.4644907e-03
  -2.6798542e-03
   5.7767411e-03
   6.2905368e-03
  -1.8343206e-03
  -7.4326550e-03
  -2.8183668e-03
   5.6649894e-03
   6.3631046e-03
  -1.6815575e-03
  -7.4161504e-03
  -2.9602253e-03
   5.5665311e-03
   6.4467448e-03
  -1.5355593e-03
  -7.4145945e-03
  -3.1040672e-03
   5.4817777e-03
   6.5403393e-03
  -1.3973863e-03
  -7.4274904e-03
  -3.2485471e-03
   5.4110166e-03
   6.6427151e-03
  -1.2680071e-03
  -7.4542326e-03
  -3.3923482e-03
   5.3544104e-03
   6.7526548e-03
  -1.1482913e-03
  -7.4941144e-03
  -3.5341933e-03
   5.3119977e-03
   6.8689091e-03
  -1.0390036e-03
  -7.5463357e-03
  -3.6728559e-03
   5.2836945e-03
   6.9902073e-03
  -9.4079876e-04
  -7.6100119e-03
  -3.8071697e-03
   5.2692975e-03
   7.1152701e-03
  -8.5421783e-04
  -7.6841830e-03
  -3.9360384e-03
   5.2684879e-03
   7.2428204e-03
  -7.7968512e-04
  -7.7678241e-03
  -4.0584440e-03
   5.2808364e-03
   7.3715955e-03
  -7.1750662e-04
  -7.8598556e-03
  -4.1734548e-03
   5.3058090e-03
   7.5003575e-03
  -6.6786945e-04
  -7.9591538e-03
  -4.2802323e-03
   5.3427742e-03
   7.6279051e-03
  -6.3084245e-04
  -8.0645628e-03
  -4.3780368e-03
   5.3910104e-03
   7.7530832e-03
  -6.0637781e-04
  -8.1749049e-03
  -4.4662325e-03
   5.4497146e-03
   7.8747929e-03
  -5.9431390e-04
  -8.2889928e-03
  -4.5442912e-03
   5.5180114e-03
   7.9920006e-03
  -5.9437904e-04
  -8.4056400e-03
  -4.6117952e-03
   5.5949625e-03
   8.1037463e-03
  -6.0619639e-04
  -8.5236729e-03
  -4.6684386e-03
   5.6795772e-03
   8.2091512e-03
  -6.2928968e-04
  -8.6419406e-03
  -4.7140282e-03
   5.7708225e-03
   8.3074241e-03
  -6.6308985e-04
  -8.7593261e-03
  -4.7484826e-03
   5.8676342e-03
   8.3978673e-03
  -7.0694254e-04
  -8.8747560e-03
  -4.7718307e-03
   5.9689277e-03
   8.4798809e-03
  -7.6011624e-04
  -8.9872098e-03
  -4.7842090e-03
   6.0736087e-03
   8.5529668e-03
  -8.2181110e-04
  -9.0957285e-03
  -4.7858576e-03
   6.1805843e-03
   8.6167309e-03
  -8.9116828e-04
  -9.1994229e-03
  -4.7771159e-03
   6.2887737e-03
   8.6708848e-03
  -9.6727972e-04
  -9.2974805e-03
  -4.7584165e-03
   6.3971183e-03
   8.7152462e-03
  -1.0491983e-03
  -9.3891718e-03
  -4.7302791e-03
   6.5045919e-03
   8.7497380e-03
  -1.1359481e-03
  -9.4738555e-03
  -4.6933032e-03
   6.6102101e-03
   8.7743868e-03
  -1.2265349e-03
  -9.5509831e-03
  -4.6481600e-03
   6.7130392e-03
   8.7893202e-03
  -1.3199567e-03
  -9.6201019e-03
  -4.5955841e-03
   6.8122047e-03
   8.7947628e-03
  -1.4152142e-03
  -9.6808576e-03
  -4.5363642e-03
   6.9068984e-03
   8.7910316e-03
  -1.5113206e-03
  -9.7329954e-03
  -4.4713339e-03
   6.9963852e-03
   8.7785309e-03
  -1.6073120e-03
  -9.7763601e-03
  -4.4013620e-03
   7.0800093e-03
   8.7577452e-03
  -1.7022562e-03
  -9.8108953e-03
  -4.3273422e-03
   7.1571987e-03
   8.7292329e-03
  -1.7952626e-03
  -9.8366418e-03
  -4.2501837e-03
   7.2274691e-03
   8.6936181e-03
  -1.8854897e-03
  -9.8537344e-03
  -4.1708004e-03
   7.2904272e-03
   8.6515824e-03
  -1.9721534e-03
  -9.8623984e-03
  -4.0901018e-03
   7.3457726e-03
   8.6038565e-03
  -2.0545337e-03
  -9.8629449e-03
  -4.0089827e-03
   7.3932985e-03
   8.5512106e-03
  -2.1319811e-03
  -9.8557651e-03
  -3.9283142e-03
   7.4328918e-03
   8.4944454e-03
  -2.2039219e-03
  -9.8413243e-03
  -3.8489347e-03
   7.4645319e-03
   8.4343824e-03
  -2.2698624e-03
  -9.8201548e-03
  -3.7716414e-03
   7.4882891e-03
   8.3718543e-03
  -2.3293929e-03
  -9.7928484e-03
  -3.6971824e-03
   7.5043209e-03
   8.3076958e-03
  -2.3821898e-03
  -9.7600486e-03
  -3.6262496e-03
   7.5128688e-03
   8.2427335e-03
  -2.4280173e-03
  -9.7224417e-03
  -3.5594725e-03
   7.5142531e-03
   8.1777776e-03
  -2.4667280e-03
  -9.6807483e-03
  -3.4974118e-03
   7.5088677e-03
   8.1136122e-03
  -2.4982626e-03
  -9.6357142e-03
  -3.4405556e-03
   7.4971739e-03
   8.0509877e-03
  -2.5226484e-03
  -9.5881013e-03
  -3.3893144e-03
   7.4796932e-03
   7.9906125e-03
  -2.5399972e-03
  -9.5386784e-03
  -3.3440191e-03
   7.4570003e-03
   7.9331457e-03
  -2.5505018e-03
  -9.4882120e-03
  -3.3049181e-03
   7.4297152e-03
   7.8791907e-03
  -2.5544323e-03
  -9.4374576e-03
  -3.2721767e-03
   7.3984945e-03
   7.8292891e-03
  -2.5521313e-03
  -9.3871511e-03
  -3.2458766e-03
   7.3640237e-03
   7.7839160e-03
  -2.5440080e-03
  -9.3380001e-03
  -3.2260169e-03
   7.3270077e-03
   7.7434751e-03
  -2.5305323e-03
  -9.2906765e-03
  -3.2125155e-03
   7.2881626e-03
   7.7082960e-03
  -2.5122280e-03
  -9.2458090e-03
  -3.2052120e-03
   7.2482065e-03
   7.6786312e-03
  -2.4896652e-03
  -9.2039767e-03
  -3.2038708e-03
   7.2078512e-03
   7.6546548e-03
  -2.4634530e-03
  -9.1657024e-03
  -3.2081856e-03
   7.1677937e-03
   7.6364616e-03
  -2.4342313e-03
  -9.1314481e-03
  -3.2177839e-03
   7.1287078e-03
   7.6240676e-03
  -2.4026623e-03
  -9.1016100e-03
  -3.2322334e-03
   7.0912368e-03
   7.6174111e-03
  -2.3694226e-03
  -9.0765148e-03
  -3.2510475e-03
   7.0559858e-03
   7.6163545e-03
  -2.3351942e-03
  -9.0564173e-03
  -3.2736923e-03
   7.0235152e-03
   7.6206874e-03
  -2.3006567e-03
  -9.0414979e-03
  -3.2995940e-03
   6.9943343e-03
   7.6301305e-03
  -2.2664785e-03
  -9.0318618e-03
  -3.3281465e-03
   6.9688965e-03
   7.6443393e-03
  -2.2333094e-03
  -9.0275389e-03
  -3.3587190e-03
   6.9475937e-03
   7.6629101e-03
  -2.2017725e-03
  -9.0284845e-03
  -3.3906641e-03
   6.9307533e-03
   7.6853851e-03
  -2.1724571e-03
  -9.0345804e-03
  -3.4233262e-03
   6.9186342e-03
   7.7112590e-03
  -2.1459121e-03
  -9.0456380e-03
  -3.4560493e-03
   6.9114253e-03
   7.7399859e-03
  -2.1226396e-03
  -9.0614012e-03
  -3.4881850e-03
   6.9092435e-03
   7.7709861e-03
  -2.1030895e-03
  -9.0815501e-03
  -3.5191007e-03
   6.9121335e-03
   7.8036539e-03
  -2.0876546e-03
  -9.1057062e-03
  -3.5481867e-03
   6.9200679e-03
   7.8373652e-03
  -2.0766665e-03
  -9.1334372e-03
  -3.5748635e-03
   6.9329486e-03
   7.8714854e-03
  -2.0703921e-03
  -9.1642634e-03
  -3.5985890e-03
   6.9506086e-03
   7.9053771e-03
  -2.0690312e-03
  -9.1976636e-03
  -3.6188638e-03
   6.9728149e-03
   7.9384082e-03
  -2.0727149e-03
  -9.2330821e-03
  -3.6352378e-03
   6.9992719e-03
   7.9699592e-03
  -2.0815044e-03
  -9.2699361e-03
  -3.6473145e-03
   7.0296258e-03
   7.9994312e-03
  -2.0953913e-03
  -9.3076227e-03
  -3.6547557e-03
   7.0634695e-03
   8.0262522e-03
  -2.1142980e-03
  -9.3455269e-03
  -3.6572849e-03
   7.1003481e-03
   8.0498848e-03
  -2.1380798e-03
  -9.3830286e-03
  -3.6546899e-03
   7.1397650e-03
   8.0698317e-03
  -2.1665270e-03
  -9.4195112e-03
  -3.6468255e-03
   7.1811883e-03
   8.0856417e-03
  -2.1993681e-03
  -9.4543682e-03
  -3.6336137e-03
   7.2240575e-03
   8.0969150e-03
  -2.2362740e-03
  -9.4870113e-03
  -3.6150447e-03
   7.2677911e-03
   8.1033072e-03
  -2.2768621e-03
  -9.5168769e-03
  -3.5911763e-03
   7.3117934e-03
   8.1045337e-03
  -2.3207018e-03
  -9.5434332e-03
  -3.5621324e-03
   7.3554625e-03
   8.1003720e-03
  -2.3673201e-03
  -9.5661864e-03
  -3.5281013e-03
   7.3981973e-03
   8.0906645e-03
  -2.4162078e-03
  -9.5846866e-03
  -3.4893326e-03
   7.4394054e-03
   8.0753197e-03
  -2.4668261e-03
  -9.5985327e-03
  -3.4461334e-03
   7.4785100e-03
   8.0543129e-03
  -2.5186138e-03
  -9.6073776e-03
  -3.3988646e-03
   7.5149573e-03
   8.0276860e-03
  -2.5709937e-03
  -9.6109317e-03
  -3.3479357e-03
   7.5482228e-03
   7.9955466e-03
  -2.6233807e-03
  -9.6089661e-03
  -3.2937996e-03
   7.5778183e-03
   7.9580662e-03
  -2.6751889e-03
  -9.6013156e-03
  -3.2369461e-03
   7.6032973e-03
   7.9154776e-03
  -2.7258387e-03
  -9.5878799e-03
  -3.1778963e-03
   7.6242604e-03
   7.8680717e-03
  -2.7747646e-03
  -9.5686247e-03
  -3.1171954e-03
   7.6403604e-03
   7.8161937e-03
  -2.8214215e-03
  -9.5435819e-03
  -3.0554058e-03
   7.6513065e-03
   7.7602383e-03
  -2.8652924e-03
  -9.5128489e-03
  -2.9931002e-03
   7.6568673e-03
   7.7006447e-03
  -2.9058940e-03
  -9.4765873e-03
  -2.9308538e-03
   7.6568739e-03
   7.6378908e-03
  -2.9427834e-03
  -9.4350203e-03
  -2.8692375e-03
   7.6512219e-03
   7.5724872e-03
  -2.9755632e-03
  -9.3884301e-03
  -2.8088103e-03
   7.6398725e-03
   7.5049704e-03
  -3.0038868e-03
  -9.3371542e-03
  -2.7501124e-03
   7.6228532e-03
   7.4358963e-03
  -3.0274627e-03
  -9.2815811e-03
  -2.6936585e-03
   7.6002571e-03
   7.3658329e-03
  -3.0460579e-03
  -9.2221453e-03
  -2.6399306e-03
   7.5722421e-03
   7.2953531e-03
  -3.0595015e-03
  -9.1593218e-03
  -2.5893725e-03
   7.5390288e-03
   7.2250277e-03
  -3.0676867e-03
  -9.0936204e-03
  -2.5423838e-03
   7.5008979e-03
   7.1554176e-03
  -3.0705725e-03
  -9.0255790e-03
  -2.4993146e-03
   7.4581870e-03
   7.0870673e-03
  -3.0681840e-03
  -8.9557575e-03
  -2.4604609e-03
   7.4112865e-03
   7.0204975e-03
  -3.0606133e-03
  -8.8847299e-03
  -2.4260606e-03
   7.3606350e-03
   6.9561985e-03
  -3.0480179e-03
  -8.8130781e-03
  -2.3962902e-03
   7.3067139e-03
   6.8946237e-03
  -3.0306195e-03
  -8.7413840e-03
  -2.3712619e-03
   7.2500419e-03
   6.8361840e-03
  -3.0087019e-03
  -8.6702225e-03
  -2.3510221e-03
   7.1911688e-03
   6.7812419e-03
  -2.9826075e-03
  -8.6001543e-03
  -2.3355499e-03
   7.1306686e-03
   6.7301070e-03
  -2.9527342e-03
  -8.5317186e-03
  -2.3247566e-03
   7.0691332e-03
   6.6830311e-03
  -2.9195304e-03
  -8.4654263e-03
  -2.3184866e-03
   7.0071650e-03
   6.6402048e-03
  -2.8834908e-03
  -8.4017537e-03
  -2.3165180e-03
   6.9453695e-03
   6.6017547e-03
  -2.8451501e-03
  -8.3411359e-03
  -2.3185649e-03
   6.8843483e-03
   6.5677404e-03
  -2.8050777e-03
  -8.2839611e-03
  -2.3242797e-03
   6.8246915e-03
   6.5381536e-03
  -2.7638708e-03
  -8.2305655e-03
  -2.3332568e-03
   6.7669709e-03
   6.5129167e-03
  -2.7221482e-03
  -8.1812285e-03
  -2.3450363e-03
   6.7117324e-03
   6.4918834e-03
  -2.6805427e-03
  -8.1361684e-03
  -2.3591086e-03
   6.6594896e-03
   6.4748387e-03
  -2.6396943e-03
  -8.0955393e-03
  -2.3749201e-03
   6.6107172e-03
   6.4615007e-03
  -2.6002427e-03
  -8.0594278e-03
  -2.3918782e-03
   6.5658449e-03
   6.4515228e-03
  -2.5628201e-03
  -8.0278514e-03
  -2.4093582e-03
   6.5252517e-03
   6.4444966e-03
  -2.5280434e-03
  -8.0007569e-03
  -2.4267092e-03
   6.4892608e-03
   6.4399554e-03
  -2.4965076e-03
  -7.9780198e-03
  -2.4432616e-03
   6.4581352e-03
   6.4373786e-03
  -2.4687785e-03
  -7.9594448e-03
  -2.4583338e-03
   6.4320733e-03
   6.4361964e-03
  -2.4453856e-03
  -7.9447665e-03
  -2.4712396e-03
   6.4112062e-03
   6.4357955e-03
  -2.4268162e-03
  -7.9336508e-03
  -2.4812959e-03
   6.3955946e-03
   6.4355244e-03
  -2.4135093e-03
  -7.9256980e-03
  -2.4878297e-03
   6.3852271e-03
   6.4347004e-03
  -2.4058495e-03
  -7.9204454e-03
  -2.4901858e-03
   6.3800191e-03
   6.4326160e-03
  -2.4041628e-03
  -7.9173710e-03
  -2.4877336e-03
   6.3798125e-03
   6.4285457e-03
  -2.4087114e-03
  -7.9158985e-03
  -2.4798748e-03
   6.3843757e-03
   6.4217537e-03
  -2.4196903e-03
  -7.9154016e-03
  -2.4660495e-03
   6.3934048e-03
   6.4115009e-03
  -2.4372240e-03
  -7.9152102e-03
  -2.4457429e-03
   6.4065258e-03
   6.3970524e-03
  -2.4613639e-03
  -7.9146156e-03
  -2.4184912e-03
   6.4232967e-03
   6.3776851e-03
  -2.4920867e-03
  -7.9128778e-03
  -2.3838871e-03
   6.4432107e-03
   6.3526948e-03
  -2.5292931e-03
  -7.9092316e-03
  -2.3415850e-03
   6.4657005e-03
   6.3214039e-03
  -2.5728077e-03
  -7.9028940e-03
  -2.2913049e-03
   6.4901423e-03
   6.2831679e-03
  -2.6223794e-03
  -7.8930713e-03
  -2.2328368e-03
   6.5158614e-03
   6.2373825e-03
  -2.6776824e-03
  -7.8789665e-03
  -2.1660434e-03
   6.5421370e-03
   6.1834897e-03
  -2.7383181e-03
  -7.8597868e-03
  -2.0908627e-03
   6.5682090e-03
   6.1209840e-03
  -2.8038178e-03
  -7.8347510e-03
  -2.0073100e-03
   6.5932840e-03
   6.0494177e-03
  -2.8736459e-03
  -7.8030969e-03
  -1.9154783e-03
   6.6165420e-03
   5.9684059e-03
  -2.9472034e-03
  -7.7640886e-03
  -1.8155396e-03
   6.6371438e-03
   5.8776312e-03
  -3.0238330e-03
  -7.7170232e-03
  -1.7077436e-03
   6.6542376e-03
   5.7768470e-03
  -3.1028235e-03
  -7.6612379e-03
  -1.5924170e-03
   6.6669672e-03
   5.6658809e-03
  -3.1834158e-03
  -7.5961161e-03
  -1.4699617e-03
   6.6744784e-03
   5.5446374e-03
  -3.2648083e-03
  -7.5210933e-03
  -1.3408525e-03
   6.6759273e-03
   5.4130996e-03
  -3.3461638e-03
  -7.4356628e-03
  -1.2056334e-03
   6.6704870e-03
   5.2713298e-03
  -3.4266157e-03
  -7.3393806e-03
  -1.0649145e-03
   6.6573549e-03
   5.1194710e-03
  -3.5052752e-03
  -7.2318698e-03
  -9.1936718e-04
   6.6357601e-03
   4.9577457e-03
  -3.5812381e-03
  -7.1128246e-03
  -7.6971970e-04
   6.6049691e-03
   4.7864551e-03
  -3.6535923e-03
  -6.9820133e-03
  -6.1675153e-04
   6.5642933e-03
   4.6059780e-03
  -3.7214250e-03
  -6.8392811e-03
  -4.6128776e-04
   6.5130939e-03
   4.4167680e-03
  -3.7838298e-03
  -6.6845519e-03
  -3.0419291e-04
   6.4507882e-03
   4.2193505e-03
  -3.8399142e-03
  -6.5178299e-03
  -1.4636455e-04
   6.3768541e-03
   4.0143199e-03
  -3.8888064e-03
  -6.3391997e-03
   1.1273425e-05
   6.2908348e-03
   3.8023346e-03
  -3.9296623e-03
  -6.1488266e-03
   1.6777768e-04
   6.1923430e-03
   3.5841131e-03
  -3.9616718e-03
  -5.9469560e-03
   3.2219242e-04
   6.0810637e-03
   3.3604290e-03
  -3.9840657e-03
  -5.7339115e-03
   4.7355645e-04
   5.9567573e-03
   3.1321049e-03
  -3.9961209e-03
  -5.5100936e-03
   6.2091029e-04
   5.8192620e-03
   2.9000073e-03
  -3.9971665e-03
  -5.2759765e-03
   7.6330312e-04
   5.6684947e-03
   2.6650402e-03
  -3.9865886e-03
  -5.0321054e-03
   8.9979971e-04
   5.5044523e-03
   2.4281386e-03
  -3.9638348e-03
  -4.7790926e-03
   1.0294871e-03
   5.3272118e-03
   2.1902623e-03
  -3.9284184e-03
  -4.5176132e-03
   1.1514811e-03
   5.1369300e-03
   1.9523889e-03
  -3.8799219e-03
  -4.2484011e-03
   1.2649325e-03
   4.9338423e-03
   1.7155072e-03
  -3.8180000e-03
  -3.9722431e-03
   1.3690328e-03
   4.7182614e-03
   1.4806102e-03
  -3.7423817e-03
  -3.6899742e-03
   1.4630199e-03
   4.4905751e-03
   1.2486888e-03
  -3.6528724e-03
  -3.4024718e-03
   1.5461832e-03
   4.2512433e-03
   1.0207250e-03
  -3.5493550e-03
  -3.1106494e-03
   1.6178679e-03
   4.0007951e-03
   7.9768503e-04
  -3.4317904e-03
  -2.8154510e-03
   1.6774795e-03
   3.7398254e-03
   5.8051363e-04
  -3.3002177e-03
  -2.5178448e-03
   1.7244876e-03
   3.4689902e-03
   3.7012768e-04
  -3.1547536e-03
  -2.2188164e-03
   1.7584284e-03
   3.1890025e-03
   1.6741053e-04
  -2.9955912e-03
  -1.9193630e-03
   1.7789082e-03
   2.9006277e-03
  -2.6793412e-05
  -2.8229985e-03
  -1.6204867e-03
   1.7856049e-03
   2.6046779e-03
  -2.1168379e-04
  -2.6373164e-03
  -1.3231884e-03
   1.7782698e-03
   2.3020073e-03
  -3.8650896e-04
  -2.4389557e-03
  -1.0284614e-03
   1.7567284e-03
   1.9935061e-03
  -5.5057023e-04
  -2.2283947e-03
  -7.3728582e-04
   1.7208813e-03
   1.6800950e-03
  -7.0322572e-04
  -2.0061753e-03
  -4.5062223e-04
   1.6707039e-03
   1.3627194e-03
  -8.4389374e-04
  -1.7728992e-03
  -1.6940654e-04
   1.6062460e-03
   1.0423436e-03
  -9.7205564e-04
  -1.5292241e-03
   1.0545553e-04
   1.5276306e-03
   7.1994504e-04
  -1.0872583e-03
  -1.2758592e-03
